
60 0.0274057
61 0.0294675
62 0.0343285
63 0.0279425
64 0.0282925
65 0.0263713
66 0.0294443
67 0.0263299
68 0.0305994
69 0.0291451
70 0.0303888
71 0.0240128
72 0.0280937
73 0.0267111
74 0.0259476
75 0.0286099
76 0.0223635
77 0.0257365
78 0.0282675
79 0.0222516
80 0.0209939
81 0.0216377
82 0.038208
83 0.0276762
84 0.0219121
85 0.0191823
86 0.0244503
87 0.0270579
88 0.0213339
89 0.0299669
90 0.0226442
91 0.0221199
92 0.0273962
93 0.0258318
94 0.0231063
95 0.0199223
96 0.0272463
97 0.027727
98 0.0267319
99 0.023944
100 0.0267081
101 0.0228794
102 0.0340555
103 0.0281294
104 0.0258934
105 0.0211232
106 0.0226634
107 0.0191893
108 0.0263198
109 0.0249802
110 0.0206565
111 0.0256747
112 0.021449
113 0.0243091
114 0.0230212
115 0.0323057
116 0.0202961
117 0.0321012
118 0.0276346
119 0.0240072


60 0.0286949
61 0.0311653
62 0.0287773
63 0.0305171
64 0.0298208
65 0.0304442
66 0.0310344
67 0.0320933
68 0.0304855
69 0.0305502
70 0.0300119
71 0.0317851
72 0.0300161
73 0.0303011
74 0.030483
75 0.0300326
76 0.0305701
77 0.031463
78 0.0308322
79 0.0302162
80 0.0299291
81 0.0311181
82 0.0310125
83 0.030507
84 0.0311853
85 0.0310823
86 0.0305208
87 0.0316011
88 0.0309038
89 0.0304703
90 0.0307799
91 0.0299486
92 0.0305744
93 0.0303393
94 0.0310226
95 0.0308678
96 0.0300435
97 0.0311997
98 0.0310681
99 0.0308434
100 0.0313385
101 0.0309309
102 0.030251
103 0.0308965
104 0.0309165
105 0.0306883
106 0.0300429
107 0.0299054
108 0.0304466
109 0.0300536
110 0.0307842
111 0.0302992
112 0.0302508
113 0.0308374
114 0.0309407
115 0.0307145
116 0.030552
117 0.0311063
118 0.030534
119 0.030336

