
0 2
1 5
2 8
3 11
4 14
5 17
6 20
7 23
8 26
9 29
10 32
11 35
12 38
13 41
14 44
15 47
16 50
17 53
18 56
19 59
20 62
21 65
22 68
23 71
24 74
25 77
26 80
27 83
28 86
29 89
30 92
31 95
32 98
33 101
34 104
35 107
36 110
37 113
38 116
39 119
40 122
41 125
42 128
43 131
44 134
45 137
46 140
47 143
48 146
49 149
50 152
51 155
52 158
53 161
54 164
55 167
56 170
57 173
58 176
59 179
60 182
61 185
62 188
63 191
64 194
65 197
66 200
67 203
68 206
69 209
70 212
71 215
72 218
73 221
74 224
75 227
76 230
77 233
78 236
79 239
80 242
81 245
82 248
83 251
84 254
85 257
86 260
87 263
88 266
89 269
90 272
91 275
92 278
93 281
94 284
95 287
96 290
97 293
98 296
99 299


0 7.15433
1 -0.502345
2 21.6845
3 15.7386
4 12.7585
5 7.83173
6 15.072
7 2.89037
8 16.7082
9 32.9258
10 30.4048
11 35.7983
12 33.7221
13 41.2222
14 42.8252
15 41.6818
16 42.3202
17 55.2208
18 55.6535
19 60.4246
20 60.9525
21 76.3434
22 87.1277
23 65.7488
24 85.1942
25 56.7328
26 68.989
27 90.7919
28 89.7312
29 100.302
30 80.4123
31 91.1353
32 90.9555
33 106.661
34 100.469
35 93.2206
36 110.667
37 108.385
38 128.009
39 117.237
40 120.284
41 131.984
42 139.886
43 121.928
44 160.56
45 144.855
46 156.418
47 145.635
48 146.859
49 153.608
50 159.215
51 139.9
52 152.867
53 152.566
54 161.247
55 166.565
56 162.044
57 157.369
58 182.778
59 188.306
60 183.736
61 191.984
62 190.411
63 197.623
64 205.648
65 195.318
66 192.303
67 200.543
68 218.335
69 221.122
70 218.38
71 199.258
72 228.695
73 200.556
74 231.842
75 217.662
76 233.329
77 226.851
78 233.192
79 225.193
80 251.612
81 244.402
82 253.807
83 268.943
84 243.719
85 259.977
86 261.903
87 248.814
88 272.081
89 270.358
90 275.609
91 282.05
92 286.926
93 266.33
94 274.447
95 285.947
96 276.013
97 288.852
98 303.508
99 295.559


0 2.16084
1 5.16474
2 8.16864
3 11.1725
4 14.1764
5 17.1803
6 20.1842
7 23.1881
8 26.192
9 29.1959
10 32.1998
11 35.2037
12 38.2076
13 41.2115
14 44.2154
15 47.2193
16 50.2232
17 53.2271
18 56.231
19 59.2349
20 62.2388
21 65.2427
22 68.2466
23 71.2505
24 74.2544
25 77.2583
26 80.2622
27 83.2661
28 86.27
29 89.2739
30 92.2778
31 95.2817
32 98.2856
33 101.289
34 104.293
35 107.297
36 110.301
37 113.305
38 116.309
39 119.313
40 122.317
41 125.321
42 128.325
43 131.328
44 134.332
45 137.336
46 140.34
47 143.344
48 146.348
49 149.352
50 152.356
51 155.36
52 158.364
53 161.367
54 164.371
55 167.375
56 170.379
57 173.383
58 176.387
59 179.391
60 182.395
61 185.399
62 188.402
63 191.406
64 194.41
65 197.414
66 200.418
67 203.422
68 206.426
69 209.43
70 212.434
71 215.438
72 218.441
73 221.445
74 224.449
75 227.453
76 230.457
77 233.461
78 236.465
79 239.469
80 242.473
81 245.477
82 248.48
83 251.484
84 254.488
85 257.492
86 260.496
87 263.5
88 266.504
89 269.508
90 272.512
91 275.516
92 278.519
93 281.523
94 284.527
95 287.531
96 290.535
97 293.539
98 296.543
99 299.547

