
110 180
110 180.063
109.999 180.126
109.998 180.188
109.997 180.251
109.995 180.314
109.993 180.377
109.99 180.44
109.987 180.502
109.984 180.565
109.98 180.628
109.976 180.691
109.972 180.753
109.967 180.816
109.961 180.879
109.956 180.941
109.95 181.004
109.943 181.066
109.936 181.129
109.929 181.191
109.921 181.253
109.913 181.316
109.905 181.378
109.896 181.44
109.887 181.502
109.877 181.564
109.867 181.626
109.856 181.688
109.846 181.75
109.834 181.812
109.823 181.874
109.811 181.935
109.799 181.997
109.786 182.059
109.773 182.12
109.759 182.181
109.745 182.243
109.731 182.304
109.716 182.365
109.701 182.426
109.686 182.487
109.67 182.548
109.654 182.608
109.637 182.669
109.62 182.73
109.603 182.79
109.585 182.85
109.567 182.91
109.549 182.97
109.53 183.03
109.511 183.09
109.491 183.15
109.471 183.209
109.451 183.269
109.43 183.328
109.409 183.387
109.387 183.446
109.365 183.505
109.343 183.564
109.321 183.623
109.298 183.681
109.274 183.74
109.251 183.798
109.227 183.856
109.202 183.914
109.178 183.971
109.152 184.029
109.127 184.086
109.101 184.144
109.075 184.201
109.048 184.258
109.021 184.315
108.994 184.371
108.966 184.428
108.938 184.484
108.91 184.54
108.881 184.596
108.852 184.652
108.823 184.707
108.793 184.762
108.763 184.818
108.733 184.873
108.702 184.927
108.671 184.982
108.639 185.036
108.607 185.09
108.575 185.144
108.543 185.198
108.51 185.252
108.477 185.305
108.443 185.358
108.409 185.411
108.375 185.464
108.341 185.516
108.306 185.569
108.271 185.621
108.235 185.673
108.2 185.724
108.163 185.776
108.127 185.827
108.09 185.878
108.053 185.929
108.016 185.979
107.978 186.029
107.94 186.079
107.902 186.129
107.863 186.179
107.824 186.228
107.785 186.277
107.745 186.326
107.705 186.374
107.665 186.423
107.624 186.471
107.584 186.518
107.543 186.566
107.501 186.613
107.459 186.66
107.417 186.707
107.375 186.753
107.333 186.8
107.29 186.845
107.247 186.891
107.203 186.937
107.159 186.982
107.115 187.026
107.071 187.071
107.026 187.115
106.982 187.159
106.937 187.203
106.891 187.247
106.845 187.29
106.8 187.333
106.753 187.375
106.707 187.417
106.66 187.459
106.613 187.501
106.566 187.543
106.518 187.584
106.471 187.624
106.423 187.665
106.374 187.705
106.326 187.745
106.277 187.785
106.228 187.824
106.179 187.863
106.129 187.902
106.079 187.94
106.029 187.978
105.979 188.016
105.929 188.053
105.878 188.09
105.827 188.127
105.776 188.163
105.724 188.2
105.673 188.235
105.621 188.271
105.569 188.306
105.516 188.341
105.464 188.375
105.411 188.409
105.358 188.443
105.305 188.477
105.252 188.51
105.198 188.543
105.144 188.575
105.09 188.607
105.036 188.639
104.982 188.671
104.927 188.702
104.873 188.733
104.818 188.763
104.762 188.793
104.707 188.823
104.652 188.852
104.596 188.881
104.54 188.91
104.484 188.938
104.428 188.966
104.371 188.994
104.315 189.021
104.258 189.048
104.201 189.075
104.144 189.101
104.086 189.127
104.029 189.152
103.971 189.178
103.914 189.202
103.856 189.227
103.798 189.251
103.74 189.274
103.681 189.298
103.623 189.321
103.564 189.343
103.505 189.365
103.446 189.387
103.387 189.409
103.328 189.43
103.269 189.451
103.209 189.471
103.15 189.491
103.09 189.511
103.03 189.53
102.97 189.549
102.91 189.567
102.85 189.585
102.79 189.603
102.73 189.62
102.669 189.637
102.608 189.654
102.548 189.67
102.487 189.686
102.426 189.701
102.365 189.716
102.304 189.731
102.243 189.745
102.181 189.759
102.12 189.773
102.059 189.786
101.997 189.799
101.935 189.811
101.874 189.823
101.812 189.834
101.75 189.846
101.688 189.856
101.626 189.867
101.564 189.877
101.502 189.887
101.44 189.896
101.378 189.905
101.316 189.913
101.253 189.921
101.191 189.929
101.129 189.936
101.066 189.943
101.004 189.95
100.941 189.956
100.879 189.961
100.816 189.967
100.753 189.972
100.691 189.976
100.628 189.98
100.565 189.984
100.502 189.987
100.44 189.99
100.377 189.993
100.314 189.995
100.251 189.997
100.188 189.998
100.126 189.999
100.063 190
100 190
99.9372 190
99.8743 189.999
99.8115 189.998
99.7487 189.997
99.6859 189.995
99.6231 189.993
99.5603 189.99
99.4976 189.987
99.4348 189.984
99.3721 189.98
99.3094 189.976
99.2467 189.972
99.1841 189.967
99.1215 189.961
99.0589 189.956
98.9964 189.95
98.9339 189.943
98.8714 189.936
98.809 189.929
98.7467 189.921
98.6844 189.913
98.6221 189.905
98.5599 189.896
98.4977 189.887
98.4357 189.877
98.3736 189.867
98.3117 189.856
98.2498 189.846
98.1879 189.834
98.1262 189.823
98.0645 189.811
98.0029 189.799
97.9414 189.786
97.8799 189.773
97.8186 189.759
97.7573 189.745
97.6961 189.731
97.635 189.716
97.574 189.701
97.5131 189.686
97.4523 189.67
97.3916 189.654
97.331 189.637
97.2705 189.62
97.2101 189.603
97.1498 189.585
97.0896 189.567
97.0296 189.549
96.9696 189.53
96.9098 189.511
96.8501 189.491
96.7906 189.471
96.7311 189.451
96.6718 189.43
96.6126 189.409
96.5536 189.387
96.4947 189.365
96.4359 189.343
96.3772 189.321
96.3188 189.298
96.2604 189.274
96.2022 189.251
96.1442 189.227
96.0863 189.202
96.0285 189.178
95.9709 189.152
95.9135 189.127
95.8562 189.101
95.7991 189.075
95.7422 189.048
95.6854 189.021
95.6288 188.994
95.5724 188.966
95.5162 188.938
95.4601 188.91
95.4042 188.881
95.3485 188.852
95.293 188.823
95.2376 188.793
95.1825 188.763
95.1275 188.733
95.0727 188.702
95.0181 188.671
94.9638 188.639
94.9096 188.607
94.8556 188.575
94.8018 188.543
94.7483 188.51
94.6949 188.477
94.6417 188.443
94.5888 188.409
94.5361 188.375
94.4835 188.341
94.4312 188.306
94.3792 188.271
94.3273 188.235
94.2757 188.2
94.2243 188.163
94.1731 188.127
94.1221 188.09
94.0714 188.053
94.021 188.016
93.9707 187.978
93.9207 187.94
93.8709 187.902
93.8214 187.863
93.7721 187.824
93.7231 187.785
93.6743 187.745
93.6258 187.705
93.5775 187.665
93.5294 187.624
93.4817 187.584
93.4341 187.543
93.3869 187.501
93.3399 187.459
93.2931 187.417
93.2467 187.375
93.2005 187.333
93.1545 187.29
93.1089 187.247
93.0635 187.203
93.0183 187.159
92.9735 187.115
92.9289 187.071
92.8846 187.026
92.8406 186.982
92.7969 186.937
92.7535 186.891
92.7103 186.845
92.6674 186.8
92.6249 186.753
92.5826 186.707
92.5406 186.66
92.4989 186.613
92.4575 186.566
92.4164 186.518
92.3756 186.471
92.3351 186.423
92.2949 186.374
92.255 186.326
92.2154 186.277
92.1761 186.228
92.1371 186.179
92.0984 186.129
92.0601 186.079
92.0221 186.029
91.9843 185.979
91.9469 185.929
91.9098 185.878
91.8731 185.827
91.8366 185.776
91.8005 185.724
91.7647 185.673
91.7292 185.621
91.694 185.569
91.6592 185.516
91.6247 185.464
91.5906 185.411
91.5567 185.358
91.5232 185.305
91.4901 185.252
91.4572 185.198
91.4247 185.144
91.3926 185.09
91.3608 185.036
91.3293 184.982
91.2982 184.927
91.2674 184.873
91.2369 184.818
91.2068 184.762
91.1771 184.707
91.1477 184.652
91.1186 184.596
91.0899 184.54
91.0616 184.484
91.0336 184.428
91.0059 184.371
90.9787 184.315
90.9517 184.258
90.9252 184.201
90.8989 184.144
90.8731 184.086
90.8476 184.029
90.8225 183.971
90.7977 183.914
90.7733 183.856
90.7492 183.798
90.7255 183.74
90.7022 183.681
90.6793 183.623
90.6567 183.564
90.6345 183.505
90.6127 183.446
90.5912 183.387
90.5701 183.328
90.5494 183.269
90.529 183.209
90.509 183.15
90.4894 183.09
90.4702 183.03
90.4514 182.97
90.4329 182.91
90.4148 182.85
90.3971 182.79
90.3797 182.73
90.3628 182.669
90.3462 182.608
90.33 182.548
90.3142 182.487
90.2987 182.426
90.2837 182.365
90.269 182.304
90.2547 182.243
90.2408 182.181
90.2273 182.12
90.2142 182.059
90.2014 181.997
90.1891 181.935
90.1771 181.874
90.1655 181.812
90.1544 181.75
90.1436 181.688
90.1331 181.626
90.1231 181.564
90.1135 181.502
90.1042 181.44
90.0954 181.378
90.0869 181.316
90.0789 181.253
90.0712 181.191
90.0639 181.129
90.057 181.066
90.0505 181.004
90.0444 180.941
90.0387 180.879
90.0333 180.816
90.0284 180.753
90.0239 180.691
90.0197 180.628
90.016 180.565
90.0126 180.502
90.0097 180.44
90.0071 180.377
90.0049 180.314
90.0032 180.251
90.0018 180.188
90.0008 180.126
90.0002 180.063
90 180
90.0002 179.937
90.0008 179.874
90.0018 179.812
90.0032 179.749
90.0049 179.686
90.0071 179.623
90.0097 179.56
90.0126 179.498
90.016 179.435
90.0197 179.372
90.0239 179.309
90.0284 179.247
90.0333 179.184
90.0387 179.121
90.0444 179.059
90.0505 178.996
90.057 178.934
90.0639 178.871
90.0712 178.809
90.0789 178.747
90.0869 178.684
90.0954 178.622
90.1042 178.56
90.1135 178.498
90.1231 178.436
90.1331 178.374
90.1436 178.312
90.1544 178.25
90.1655 178.188
90.1771 178.126
90.1891 178.065
90.2014 178.003
90.2142 177.941
90.2273 177.88
90.2408 177.819
90.2547 177.757
90.269 177.696
90.2837 177.635
90.2987 177.574
90.3142 177.513
90.33 177.452
90.3462 177.392
90.3628 177.331
90.3797 177.27
90.3971 177.21
90.4148 177.15
90.4329 177.09
90.4514 177.03
90.4702 176.97
90.4894 176.91
90.509 176.85
90.529 176.791
90.5494 176.731
90.5701 176.672
90.5912 176.613
90.6127 176.554
90.6345 176.495
90.6567 176.436
90.6793 176.377
90.7022 176.319
90.7255 176.26
90.7492 176.202
90.7733 176.144
90.7977 176.086
90.8225 176.029
90.8476 175.971
90.8731 175.914
90.8989 175.856
90.9252 175.799
90.9517 175.742
90.9787 175.685
91.0059 175.629
91.0336 175.572
91.0616 175.516
91.0899 175.46
91.1186 175.404
91.1477 175.348
91.1771 175.293
91.2068 175.238
91.2369 175.182
91.2674 175.127
91.2982 175.073
91.3293 175.018
91.3608 174.964
91.3926 174.91
91.4247 174.856
91.4572 174.802
91.4901 174.748
91.5232 174.695
91.5567 174.642
91.5906 174.589
91.6247 174.536
91.6592 174.484
91.694 174.431
91.7292 174.379
91.7647 174.327
91.8005 174.276
91.8366 174.224
91.8731 174.173
91.9098 174.122
91.9469 174.071
91.9843 174.021
92.0221 173.971
92.0601 173.921
92.0984 173.871
92.1371 173.821
92.1761 173.772
92.2154 173.723
92.255 173.674
92.2949 173.626
92.3351 173.577
92.3756 173.529
92.4164 173.482
92.4575 173.434
92.4989 173.387
92.5406 173.34
92.5826 173.293
92.6249 173.247
92.6674 173.2
92.7103 173.155
92.7535 173.109
92.7969 173.063
92.8406 173.018
92.8846 172.974
92.9289 172.929
92.9735 172.885
93.0183 172.841
93.0635 172.797
93.1089 172.753
93.1545 172.71
93.2005 172.667
93.2467 172.625
93.2931 172.583
93.3399 172.541
93.3869 172.499
93.4341 172.457
93.4817 172.416
93.5294 172.376
93.5775 172.335
93.6258 172.295
93.6743 172.255
93.7231 172.215
93.7721 172.176
93.8214 172.137
93.8709 172.098
93.9207 172.06
93.9707 172.022
94.021 171.984
94.0714 171.947
94.1221 171.91
94.1731 171.873
94.2243 171.837
94.2757 171.8
94.3273 171.765
94.3792 171.729
94.4312 171.694
94.4835 171.659
94.5361 171.625
94.5888 171.591
94.6417 171.557
94.6949 171.523
94.7483 171.49
94.8018 171.457
94.8556 171.425
94.9096 171.393
94.9638 171.361
95.0181 171.329
95.0727 171.298
95.1275 171.267
95.1825 171.237
95.2376 171.207
95.293 171.177
95.3485 171.148
95.4042 171.119
95.4601 171.09
95.5162 171.062
95.5724 171.034
95.6288 171.006
95.6854 170.979
95.7422 170.952
95.7991 170.925
95.8562 170.899
95.9135 170.873
95.9709 170.848
96.0285 170.822
96.0863 170.798
96.1442 170.773
96.2022 170.749
96.2604 170.726
96.3188 170.702
96.3772 170.679
96.4359 170.657
96.4947 170.635
96.5536 170.613
96.6126 170.591
96.6718 170.57
96.7311 170.549
96.7906 170.529
96.8501 170.509
96.9098 170.489
96.9696 170.47
97.0296 170.451
97.0896 170.433
97.1498 170.415
97.2101 170.397
97.2705 170.38
97.331 170.363
97.3916 170.346
97.4523 170.33
97.5131 170.314
97.574 170.299
97.635 170.284
97.6961 170.269
97.7573 170.255
97.8186 170.241
97.8799 170.227
97.9414 170.214
98.0029 170.201
98.0645 170.189
98.1262 170.177
98.1879 170.166
98.2498 170.154
98.3117 170.144
98.3736 170.133
98.4357 170.123
98.4977 170.113
98.5599 170.104
98.6221 170.095
98.6844 170.087
98.7467 170.079
98.809 170.071
98.8714 170.064
98.9339 170.057
98.9964 170.05
99.0589 170.044
99.1215 170.039
99.1841 170.033
99.2467 170.028
99.3094 170.024
99.3721 170.02
99.4348 170.016
99.4976 170.013
99.5603 170.01
99.6231 170.007
99.6859 170.005
99.7487 170.003
99.8115 170.002
99.8743 170.001
99.9372 170
100 170
100.063 170
100.126 170.001
100.188 170.002
100.251 170.003
100.314 170.005
100.377 170.007
100.44 170.01
100.502 170.013
100.565 170.016
100.628 170.02
100.691 170.024
100.753 170.028
100.816 170.033
100.879 170.039
100.941 170.044
101.004 170.05
101.066 170.057
101.129 170.064
101.191 170.071
101.253 170.079
101.316 170.087
101.378 170.095
101.44 170.104
101.502 170.113
101.564 170.123
101.626 170.133
101.688 170.144
101.75 170.154
101.812 170.166
101.874 170.177
101.935 170.189
101.997 170.201
102.059 170.214
102.12 170.227
102.181 170.241
102.243 170.255
102.304 170.269
102.365 170.284
102.426 170.299
102.487 170.314
102.548 170.33
102.608 170.346
102.669 170.363
102.73 170.38
102.79 170.397
102.85 170.415
102.91 170.433
102.97 170.451
103.03 170.47
103.09 170.489
103.15 170.509
103.209 170.529
103.269 170.549
103.328 170.57
103.387 170.591
103.446 170.613
103.505 170.635
103.564 170.657
103.623 170.679
103.681 170.702
103.74 170.726
103.798 170.749
103.856 170.773
103.914 170.798
103.971 170.822
104.029 170.848
104.086 170.873
104.144 170.899
104.201 170.925
104.258 170.952
104.315 170.979
104.371 171.006
104.428 171.034
104.484 171.062
104.54 171.09
104.596 171.119
104.652 171.148
104.707 171.177
104.762 171.207
104.818 171.237
104.873 171.267
104.927 171.298
104.982 171.329
105.036 171.361
105.09 171.393
105.144 171.425
105.198 171.457
105.252 171.49
105.305 171.523
105.358 171.557
105.411 171.591
105.464 171.625
105.516 171.659
105.569 171.694
105.621 171.729
105.673 171.765
105.724 171.8
105.776 171.837
105.827 171.873
105.878 171.91
105.929 171.947
105.979 171.984
106.029 172.022
106.079 172.06
106.129 172.098
106.179 172.137
106.228 172.176
106.277 172.215
106.326 172.255
106.374 172.295
106.423 172.335
106.471 172.376
106.518 172.416
106.566 172.457
106.613 172.499
106.66 172.541
106.707 172.583
106.753 172.625
106.8 172.667
106.845 172.71
106.891 172.753
106.937 172.797
106.982 172.841
107.026 172.885
107.071 172.929
107.115 172.974
107.159 173.018
107.203 173.063
107.247 173.109
107.29 173.155
107.333 173.2
107.375 173.247
107.417 173.293
107.459 173.34
107.501 173.387
107.543 173.434
107.584 173.482
107.624 173.529
107.665 173.577
107.705 173.626
107.745 173.674
107.785 173.723
107.824 173.772
107.863 173.821
107.902 173.871
107.94 173.921
107.978 173.971
108.016 174.021
108.053 174.071
108.09 174.122
108.127 174.173
108.163 174.224
108.2 174.276
108.235 174.327
108.271 174.379
108.306 174.431
108.341 174.484
108.375 174.536
108.409 174.589
108.443 174.642
108.477 174.695
108.51 174.748
108.543 174.802
108.575 174.856
108.607 174.91
108.639 174.964
108.671 175.018
108.702 175.073
108.733 175.127
108.763 175.182
108.793 175.238
108.823 175.293
108.852 175.348
108.881 175.404
108.91 175.46
108.938 175.516
108.966 175.572
108.994 175.629
109.021 175.685
109.048 175.742
109.075 175.799
109.101 175.856
109.127 175.914
109.152 175.971
109.178 176.029
109.202 176.086
109.227 176.144
109.251 176.202
109.274 176.26
109.298 176.319
109.321 176.377
109.343 176.436
109.365 176.495
109.387 176.554
109.409 176.613
109.43 176.672
109.451 176.731
109.471 176.791
109.491 176.85
109.511 176.91
109.53 176.97
109.549 177.03
109.567 177.09
109.585 177.15
109.603 177.21
109.62 177.27
109.637 177.331
109.654 177.392
109.67 177.452
109.686 177.513
109.701 177.574
109.716 177.635
109.731 177.696
109.745 177.757
109.759 177.819
109.773 177.88
109.786 177.941
109.799 178.003
109.811 178.065
109.823 178.126
109.834 178.188
109.846 178.25
109.856 178.312
109.867 178.374
109.877 178.436
109.887 178.498
109.896 178.56
109.905 178.622
109.913 178.684
109.921 178.747
109.929 178.809
109.936 178.871
109.943 178.934
109.95 178.996
109.956 179.059
109.961 179.121
109.967 179.184
109.972 179.247
109.976 179.309
109.98 179.372
109.984 179.435
109.987 179.498
109.99 179.56
109.993 179.623
109.995 179.686
109.997 179.749
109.998 179.812
109.999 179.874
110 179.937


101.719 181.261
107.124 182.806
98.6077 179.136
100.104 179.449
105.15 173.635
109.744 181.219
97.7473 171.895
100.926 182.644
103.416 173.698
105.017 186.207
107.919 175.451
100.597 183.925
98.2064 172.265
97.8341 173.726
104.842 184.715
106.868 175.058
106.672 172.768
101.654 186.152
92.3405 181.783
101.514 177.4
106.978 185.886
108.525 177.014
106.331 183.395
97.7808 178.345
104.368 172.97
107.867 174.759
103.232 180.581
101.432 180.181
96.2187 179.116
104.386 187.575
100.981 186.137
101.219 179.534
97.6766 180.188
97.3335 176.457
93.4898 184.722
95.0227 186.514
104.932 175.233
98.544 179.801
109.977 182.899
101.794 182.595
98.7484 179.153
103.747 175.521
105.653 187.772
103.677 176.554
91.3167 177.524
98.2338 183.24
97.0658 181.503
102.585 187.835
101.435 183.353
97.3791 179.939
104.916 176.914
102.564 179.983
106.592 180.232
94.6166 178.652
103.695 177.104
108.156 178.137
97.5098 177.071
99.314 175.417
102.904 177.129
105.699 181.3
93.6677 176.816
95.9945 186.547
103.698 188.258
99.4881 171.795
101.421 185.704
108.271 183.431
107.702 174.925
103.493 183.844
100.712 183.376
107.186 179.977
105.985 177.85
93.9613 177.803
96.6282 182.203
100.989 184.239
101.395 172.046
108.542 176.977
108.463 174.468
96.8413 180.468
94.4092 175.57
101.406 171.037
92.6407 181.537
101.412 185.423
91.4093 179.828
99.1072 183.948
98.5876 174.599
103.377 180.304
107.263 175.577
92.2636 180.41
100.634 172.345
97.0526 184.267
99.5558 182.36
95.8663 178.009
106.218 184.837
93.5475 175.561
108.569 176.195
92.1636 180.808
97.0242 184.634
98.0249 189.219
103.392 174.291
94.485 175.136
98.197 180.125
104.856 171.869
99.7668 176.926
108.779 177.174
101.013 182.059
107.217 174.209
98.1755 173.09
105.201 177.58
96.7157 172.968
106.363 184.003
92.6776 174.408
96.4173 176.856
96.4256 178.165
105.582 183.642
93.3495 184.948
103.786 177.143
102.261 171.462
98.6571 177.233
107.605 186.376
91.2611 182.59
106.158 185.343
90.9573 182.667
93.4907 182.448
99.4269 181.49
95.5991 175.867
90.85 179.712
102.544 185.79
96.1358 178.78
98.7259 179.862
109.081 177.082
94.398 175.637
96.3328 172.939
100.986 182.352
96.5432 171.954
106.37 182.867
105.921 179.015
96.6789 173.773
103.707 180.364
97.3325 176.936
99.5759 179.36
102.923 172.303
100.647 188.768
109.498 184.313
94.8932 178.529
105.586 172.939
95.6889 172.831
90.9657 180.612
103.183 175.353
106.57 176.509
102.717 176.175
99.8106 181.178
95.6598 181.677
106.183 187.367
94.1447 187.351
102.487 176.318
106.941 178.985
107.047 185.001
93.6622 184.418
98.416 177.035
109.112 178.875
94.9165 177.03
96.5321 183.779
108.987 176.67
101.205 171.151
100.702 180.221
93.4946 180.799
91.0084 178.827
106.327 176.047
97.7382 181.745
99.33 174.454
104.358 177.334
97.4805 175.2
106.472 183.579
91.8539 178.168
100.702 175.988
102.308 173.687
107.372 175.887
95.6131 181.58
98.5463 187.198
104.392 176.19
94.2548 172.771
99.6151 175.886
100.544 179.617
105.571 179.474
102.798 174.128
99.1262 188.399
109.028 175.891
102.389 175.313
99.676 187.913
105.005 177.072
102.441 177.344
102.963 189.136
107.9 179.694
101.447 188.995
102.678 171.455
93.9984 187.024
101.395 182.071
101.803 177.355
91.1627 179.014
100.789 183.301
96.5499 175.079
98.6582 183.72
93.552 183.793
95.6681 180.111
102.914 178.024
104.787 172.76
92.2308 175.456
109.761 180.528
99.3323 173.301
102.079 185.742
92.3801 176.686
90.7214 179.218
108.955 177.867
98.6386 176.334
109.108 175.688
98.5983 177.027
98.1341 183.613
100.791 181.857
108.693 175.875
107.878 173.702
105.511 185.068
104.759 172.035
101.387 180.179
105.092 176.714
101.546 184.134
106.981 187.084
103.23 187.828
96.5956 178.136
93.5541 181.584
96.5873 186.245
99.6259 185.752
108.572 178.595
99.2514 183.666
106.744 179.775
106.008 179.226
96.1939 173.405
92.5998 175.517
94.2545 182.061
97.0407 175.755
100.095 187.738
99.7309 180.537
110.241 181.517
94.4691 182.606
109.407 181.798
99.4981 189.812
103.12 183.013
93.6013 173.48
107.07 185.176
93.9244 180.13
104.485 177.664
98.8067 178.899
101.436 175.348
107.546 178.262
93.9083 174.281
100.888 184.529
100.018 183.792
93.4596 185.966
95.54 181.022
95.7136 186.761
104.127 176.595
98.1703 176.579
102.593 188.035
96.8744 183.889
101.255 174.628
96.3156 180.088
95.4934 184.715
108.437 184.795
100.017 179.365
98.0587 173.901
96.223 174.264
96.9691 172.76
94.4896 180.665
96.3435 178.422
104.636 171.799
98.5308 175.872
105.313 182.946
101.53 189.677
94.8186 176.084
98.1647 182.833
92.7604 178.013
109.213 176.153
97.381 177.607
105.592 186.974
98.8027 186.121
94.9543 172.792
106.564 184.757
101.844 177.032
95.6736 176.66
98.6944 188.539
95.7883 185.194
99.4506 173.941
106.522 180.308
98.6404 183.052
93.4181 178.291
104.236 182.741
97.9804 175.836
101.625 171.793
101.457 179.991
106.639 177.968
105.228 178.552
93.8517 176.414
104.076 188.816
90.9405 177.464
103.156 182.194
99.9546 175.468
95.4904 179.811
105.375 181.8
95.6991 187.863
102.449 183.219
95.4144 183.365
109.329 182.677
107.75 181.521
101.664 181.628
93.3644 177.646
94.1375 175.524
93.9636 187.155
91.137 177.319
97.8949 178.031
94.4105 178.27
106.038 181.941
102.9 174.552
99.4685 177.994
101.683 184.338
99.8579 184.558
102.759 188.52
103.268 175.026
102.207 185.375
94.7168 180.344
99.1178 172.208
95.2889 182.917
99.0916 174.672
110.055 179.483
94.3138 180.703
107.308 183.425
99.1011 172.533
98.4237 180.914
93.7867 177.772
107.732 177.803


120.604 175.013
124.603 180.357
87.5999 184.981
90.0734 175.515
115.429 186.78
87.934 179.059
80.7333 173.857
117.509 186.853
94.8071 195.568
101.147 158.819
128.409 191.325
83.4891 171.182
93.3766 172.642
79.0931 168.704
115.341 173.195
121.184 188.313
117.988 191.927
105.2 169.372
118.695 182.414
100.21 164.564
90.7403 188.559
130.227 179.399
119.497 178.648
121.593 181.78
115.909 179.96
111.513 173.572
103.491 169.726
84.5063 177.243
116.74 175.982
78.5052 161.168
87.0441 175.021
125.785 186.966
72.3675 174.174
126.987 192.689
85.0931 166.455
82.2192 178.728
83.6226 177.457
116.471 193.349
128.23 169.583
78.1442 181.207
114.489 186.033
90.6157 184.397
143.543 188.807
123.53 174.762
115.525 177.541
86.6281 179.419
88.1619 191.199
120.176 177.027
115.066 158.357
63.2291 165.205
86.9274 153.318
107.622 188.833
81.4874 185.973
86.3045 174.224
114.098 177.164
87.1698 178.948
81.2705 179.335
117.106 178.288
124.079 179.06
50.5129 182.34
96.0294 195.724
70.9065 178.038
87.6085 188.851
100.439 166.808
121.522 163.221
108.725 194.089
116.216 180.744
79.1813 177.678
113.988 169.526
78.1705 164.816
93.5581 189.368
93.9519 168.603
123.509 181.543
121.11 191.195
54.0025 188.644
105.692 167.543
89.3943 178.504
73.3152 190.669
117.189 180.694
82.6081 179.473
126.203 175.335
125.042 176.399
89.6605 167.695
95.1631 168.454
136.943 186.252
88.1111 191.729
91.1563 185.911
106.09 191.479
111.31 177.194
78.7453 169.343
90.4967 170.584
76.0797 192.865
77.3499 195.013
146.549 174.508
106.037 192.506
58.6206 167.938
123.344 177.303
148.895 179.456
73.7618 176.276
113.847 196.371
93.6621 195.603
89.3671 173.962
74.6244 181.371
129.28 180.102
108.492 164.657
97.0026 170.539
84.3458 178.932
82.1647 180.26
113.323 174.14
120.369 181.282
92.323 187.198
79.6875 178.418
90.2506 183.781
106.234 169.605
89.3435 174.267
85.9658 186.35
73.1772 181.252
118.34 180.465
85.3498 182.077
106.737 172.255
114.663 182.589
76.1456 173.835
74.6636 184.812
91.2405 166.936
84.1446 186.403
133.986 174.028
114.035 181.064
96.0394 191.656
89.2442 185.767
82.3195 181.942
87.6353 161.947
66.9629 177.448
87.3097 173.63
121.913 189.933
109.47 174.546
109.56 187.175
116.175 185.329
63.0459 171.172
113.719 163.739
85.525 189.376
69.4842 179.164
110.383 172.777
117.891 175.403
72.3652 177.158
138.72 179.63
85.2002 193.721
86.0173 154.417
85.1813 170.412
125.72 185.529
78.3109 189.647
94.5031 170.902
131.13 178.426
101.32 166.183
110.842 169.56
66.5417 179.145
89.086 169.692
90.5116 174.323
122.22 180.243
74.822 174.784
90.4863 185.726
85.1617 187.528
88.8542 179.685
75.5188 187.745
110.306 173.831
113.84 175.778
81.1355 181.14
122.833 187.315
94.0148 172.114
87.1924 171.443
89.1723 176.078
122.858 172.484
110.787 159.304
128.575 182.077
81.895 166.387
99.6197 169.25
81.8719 183.942
73.6149 193.54
90.1878 167.935
75.9319 173.06
106.24 193.236
116.904 189.437
93.4627 166.603
88.8485 185.897
87.5373 175.703
79.8184 189.994
108.267 186.673
108.307 172.948
59.1699 172.945
123.565 185.129
105.124 191.466
82.2868 180.713
82.3465 172.443
114.931 180.252
118.488 176.89
83.1828 178.498
72.9444 186.499
110.959 186.111
113.312 175.663
108.613 163.264
79.3486 184.778
117.544 192.31
124.235 183.93
82.2355 179.444
112.463 169.502
96.2771 164.229
107.908 168.447
66.3828 188.912
112.385 177.549
105.681 165.733
82.7087 164.494
112.033 181.051
69.7604 186.952
91.078 191.51
88.5244 178.491
116.97 181.541
85.324 160.517
143.636 180.927
122.781 184.212
124.362 183.63
117.195 178.758
143.305 183.68
113.417 177.63
124.529 184.996
81.9002 187.669
128.253 167.507
115.832 175.146
110.09 191.169
121.772 172.89
106.352 191.621
108.163 189.948
118.314 185.006
87.2722 158.401
120.156 173.675
122.415 174.882
128.124 181.807
112.936 177.233
90.5994 171.245
131.343 176.18
95.9923 193.53
112.469 176.575
129.053 191.286
116.665 173.914
122.543 182.305
108.042 169.683
117.493 184.538
99.7597 193.3
96.6937 170.034
86.6649 178.427
90.1664 179.472
91.1439 196.352
111.374 171.343
65.8852 176.745
83.2233 190.485
80.2509 168.787
123.747 203.628
112.141 177.366
113.689 179.41
108.924 170.803
116.667 170.614
82.4998 167.285
85.3138 188.855
75.3715 166.954
113.127 182.344
82.7001 181.575
75.2042 169.554
131.456 178.562
91.914 173.389
88.3899 191.663
89.383 184.164
85.7161 168.164
87.2393 183.034
84.5262 191.786
90.8998 184.965
87.3376 167.253
87.1036 175.182
109.181 194.58
72.6262 185.376
100.249 192.088
79.9506 189.533
112.823 179.581
66.3417 174.68
115.272 178.188
131.223 194.008
78.5946 184.77
68.6763 184.016
84.6198 177.94
112.946 166.116
73.4607 181.499
110.13 167.764
80.3576 179.731
111.219 173.625
121.272 181.333
116.399 175.029
84.4734 180.269
83.9356 180.105
80.3867 176.111
77.2586 185.919
88.0885 179.878
138.066 172.151
77.48 192.362
114.449 172.754
113.998 180.431
89.3735 183.619
79.2078 175.732
62.7988 185.084
101.761 192.149
110.724 171.342
88.3943 183.505
147.298 190.374
122.825 168.204
124.774 175.144
114.288 176.867
93.7433 172.442
84.0407 172.72
109.161 186.91
68.4541 172.674
101.601 190.766
89.5612 180.535
80.9447 167.859
74.6662 175.964
118.036 179.833
80.9762 169.775
128.876 165.792
88.077 199.717
78.8356 178.468
87.2035 187.982
118.912 185.527
82.9908 173.051
85.5537 170.451
76.1265 195.834
119.753 175.557
99.871 190.372
110.074 170.642
112.337 184.483
100.516 190.609
85.13 171.022
117.942 176.511
123.733 179.307
68.6841 181.443
83.3019 168.278
91.0833 175.933
124.911 185.558
96.3855 189.934
119.964 179.573
62.3156 185.624
121.155 186.156
69.1569 179.687
134.336 185.591
106.821 168.647
86.157 181.326
124.136 178.787
112.125 179.72
97.8653 168.112
111.942 175.891
126.703 161.841
119.298 175.282
117.516 179.582
114.995 182.403
87.6763 189.506
82.1099 174.308
66.9006 177.859
82.9688 186.476
121.787 182.013
111.537 176.276
96.7846 170.109
109.088 173.107
126.105 180.225
81.5114 170.257
119.587 189.083
88.5655 189.159
112.36 183.086
75.9685 175.208
74.8935 175.54
90.1686 183.733
76.1524 183.779
64.3639 182.802
122.991 174.141
137.124 176.443
78.2486 172.661
110.03 196.963
113.121 186.398
108.356 194.409
111.883 184.029
116.896 176.203
123.67 168.046
78.6157 187.471
125.82 182.345
121.122 182.598
125.388 197.529
115.996 182.42
86.9748 177.245
79.7283 186.386
114.778 176.807
128.074 178.482
92.8409 196.464
93.8618 195.887
132.339 162.031
114.058 189.577
108.659 186.414
95.7574 189.913
83.4667 182.636
114.381 176.41
86.8155 167.109
113.291 182.733
79.3984 182.646
92.5846 171.86
89.8212 182.802
84.1121 180.067
70.8558 178.048
95.0866 171.638
110.883 179.762
91.0807 168.864
102.254 195.974
83.3362 181.115
81.7915 172.353
117.573 180.936
103.479 165.427
114.384 177.529
84.1444 172.892
88.5669 179.376
123.621 183.978
107.688 188.706
124.693 177.242
84.2853 170.858
94.2405 161.978
90.5347 172.742
72.5005 186.596
120.783 194.468
128.11 174.462
125.468 175.113
81.9814 183.987
88.7741 182.221
111.764 174.403
71.5499 191.423
121.579 179.815
89.9362 185.201
83.1143 191.446
113.392 182.895
125.71 173.706
90.847 171.164
85.4898 168.917
83.6876 176.87
84.3623 176.378
106.03 170.763
109.572 173.849
81.6222 174.038
120.39 179.533
84.5451 192.128
84.0911 173.621
128.292 181.957
88.9653 196.821
93.4183 188.851
118.338 189.801
116.731 174.855
116.255 174.536
111.45 180.304
86.1855 173.709
131.951 171.874
79.4699 179.558
123.923 176.504
121.459 176.354
109.94 187.145
84.239 166.407
110.814 177.096
76.6288 172.413
104.489 168.459
133.336 191.909
113.554 181.534
96.8765 170.819
88.8801 174.148
113.248 171.912
104.622 168.023
101.499 199.397
88.8204 176.446
66.952 162.624
96.2086 192.899
86.3044 183.287
106.546 159.217
111.164 193.335
96.8408 170.123
99.3679 165.683
88.1714 194.472
114.672 181.786
115.07 190.137
65.2663 180.43
88.3604 160.923
79.3901 175.226
123.099 170.679
82.6177 190.365
112.537 173.824
76.5511 182.411
85.4432 167.669
116.444 173.355
97.7716 169.677
126.46 178.944
111.763 182.942
113.48 178.515
125.87 170.23
128.394 169.347
105.656 196.256
111.552 189.752
95.3162 192.554
85.0456 180.385
115.753 185.136
110.278 184.317
122.663 182.427
87.4568 175.418
114.669 172.305
125.755 172.689
120.785 174.239
85.6503 168.758
109.399 186.995
69.7491 182.507
79.6115 188.342
70.8341 180.188
80.4989 170.868
79.143 182.676
116.671 169.837
108.539 158.607
112.901 184.619
115.762 189.858
74.494 176.326
62.2195 191.51
123.137 181.698
102.033 164.397
117.975 186.116
112.234 189.392
90.1367 184.606
72.0455 178.868
85.7653 181.352
82.7581 193.892
77.7992 171.796
77.5111 177.843
118.149 165.054
89.6433 187.068
72.5283 174.397
96.3366 155.453
112.593 191.716
148.741 171.618
59.9639 177.466
90.0277 172.555
114.239 187.017
118.999 166.422
74.1959 181.944
79.2959 195.241
111.426 174.851
107.158 189.491
125.987 174.064
127.816 179.648
78.2079 174.058
87.4801 189.613
107.006 170.383
74.9833 175.636
65.3544 171.949
101.701 195.422
115.057 172.365
77.0131 174.098
97.2561 196.119
113.602 191.914
140.288 189.568
101.506 167.293
122.536 174.81
99.5571 170.002
92.7305 187.721
95.3462 190.06
88.4142 185.553
114.031 199.411
86.7308 183.057
133.786 183.172
80.0969 185.108
91.7605 187.694
104.122 189.561
112.375 174.156
79.8047 178.534
84.7451 199.966
113.28 182.899
136.275 186.34
87.1792 184.282
82.5742 190.211
99.6548 168.415
118.671 185.434
108.822 165.198
89.3895 175.409
107.445 168.535
82.6512 180.185
123.013 181.018
90.3765 178.53
127.507 167.65
117.931 185.167
82.7798 179.909
87.8807 181.961
91.1837 163.678
80.8762 183.75
89.7739 184.719
113.558 181.216
90.9553 173.05
82.0728 185.876
106.794 194.766
85.2693 197.657
120.417 180.455
78.5507 177.029
76.9192 175.922
118.661 188.635
111.353 184.906
65.4292 165.961
99.9648 194.322
81.5619 180.883
87.7331 179.095
108.464 187.328
115.628 177.692
109.516 189.877
87.549 169.328
90.659 176.486
82.6533 167.402
102.079 169.343
111.446 184.177
109.358 171.855
87.3945 190.463
114.39 162.492
113.637 191.048
112.614 191.485
60.924 181.521
102.701 166.781
118.627 179.986
115.976 185.197
93.5518 171.626
121.231 198.291
110.583 184.343
118.669 177.486
139.224 184.093
88.8766 177.561
82.4076 190.009
82.4246 170.679
88.8842 188.21
139.97 185.067
113.14 182.26
117.295 172.991
112.741 180.256
79.9538 180.735
122.713 188.765
90.9658 173.551
88.7578 192.236
88.3986 182.944
113.553 182.826
124.913 191.559
96.4599 195.568
100.779 201.243
101.339 194.649
113.262 165.019
88.0261 184.537
51.7834 185.926
83.8963 189.007
71.6232 182.408
117.109 182.683
91.9443 174.034
116.471 179.766
78.2369 184.821
113.196 186.632
96.7102 167.056
93.6338 172.324
112.03 180.694
113.458 167.363

