
0 0.02
0.01 0.05
0.02 0.08
0.03 0.11
0.04 0.14
0.05 0.17
0.06 0.2
0.07 0.23
0.08 0.26
0.09 0.29
0.1 0.32
0.11 0.35
0.12 0.38
0.13 0.41
0.14 0.44
0.15 0.47
0.16 0.5
0.17 0.53
0.18 0.56
0.19 0.59
0.2 0.62
0.21 0.65
0.22 0.68
0.23 0.71
0.24 0.74
0.25 0.77
0.26 0.8
0.27 0.83
0.28 0.86
0.29 0.89
0.3 0.92
0.31 0.95
0.32 0.98
0.33 1.01
0.34 1.04
0.35 1.07
0.36 1.1
0.37 1.13
0.38 1.16
0.39 1.19
0.4 1.22
0.41 1.25
0.42 1.28
0.43 1.31
0.44 1.34
0.45 1.37
0.46 1.4
0.47 1.43
0.48 1.46
0.49 1.49
0.5 1.52
0.51 1.55
0.52 1.58
0.53 1.61
0.54 1.64
0.55 1.67
0.56 1.7
0.57 1.73
0.58 1.76
0.59 1.79
0.6 1.82
0.61 1.85
0.62 1.88
0.63 1.91
0.64 1.94
0.65 1.97
0.66 2
0.67 2.03
0.68 2.06
0.69 2.09
0.7 2.12
0.71 2.15
0.72 2.18
0.73 2.21
0.74 2.24
0.75 2.27
0.76 2.3
0.77 2.33
0.78 2.36
0.79 2.39
0.8 2.42
0.81 2.45
0.82 2.48
0.83 2.51
0.84 2.54
0.85 2.57
0.86 2.6
0.87 2.63
0.88 2.66
0.89 2.69
0.9 2.72
0.91 2.75
0.92 2.78
0.93 2.81
0.94 2.84
0.95 2.87
0.96 2.9
0.97 2.93
0.98 2.96
0.99 2.99


0.01 0.340339
0.02 0.129876
0.06 0.817381
0.08 0.318831
0.09 0.487766
0.1 0.798053
0.13 0.558115
0.14 0.739128
0.15 0.668394
0.23 1.17205
0.26 0.88785
0.32 1.23751
0.33 1.40549
0.35 1.24333
0.38 1.5764
0.44 1.4416
0.45 1.47804
0.46 1.58137
0.47 1.86792
0.5 2.09655
0.52 1.75769
0.58 2.17477
0.6 1.97245
0.61 1.91712
0.64 2.45568
0.65 2.13314
0.66 2.34807
0.68 2.14665
0.69 2.62818
0.72 2.26295
0.8 2.54403
0.81 2.93907
0.82 3.2042
0.84 2.81338
0.86 2.82349
0.89 2.96731
0.91 2.9681
0.92 2.93401
0.94 3.28
0.97 3.17424
0.99 3.13672


0 -0.406794
0.03 -0.0471086
0.04 -0.111565
0.05 -0.25804
0.07 0.0159007
0.11 0.175182
0.12 0.382458
0.16 0.434659
0.17 0.266098
0.18 0.343822
0.19 0.361706
0.2 0.312229
0.21 0.624988
0.22 0.332709
0.24 0.511282
0.25 0.745391
0.27 0.757294
0.28 0.816585
0.29 0.688395
0.3 0.57455
0.31 0.613845
0.34 0.719998
0.36 0.910592
0.37 0.950761
0.39 0.811968
0.4 1.0779
0.41 1.16721
0.42 0.96637
0.43 0.953633
0.48 1.16448
0.49 1.46051
0.51 1.52637
0.53 1.46482
0.54 1.30328
0.55 1.54782
0.56 1.46847
0.57 1.63919
0.59 1.64895
0.62 1.44718
0.63 1.56371
0.67 1.9011
0.7 1.63666
0.71 1.80457
0.73 1.4419
0.74 1.86132
0.75 1.80301
0.76 1.7952
0.77 2.26347
0.78 2.28554
0.79 2.37524
0.83 2.46874
0.85 2.42815
0.87 2.58794
0.88 2.51127
0.9 2.62073
0.93 2.77307
0.95 2.56296
0.96 2.84502
0.98 2.89628

