
0 -0.24
0.01 -0.18644
0.02 -0.13572
0.03 -0.08778
0.04 -0.04256
0.05 0
0.06 0.03996
0.07 0.07738
0.08 0.11232
0.09 0.14484
0.1 0.175
0.11 0.20286
0.12 0.22848
0.13 0.25192
0.14 0.27324
0.15 0.2925
0.16 0.30976
0.17 0.32508
0.18 0.33852
0.19 0.35014
0.2 0.36
0.21 0.36816
0.22 0.37468
0.23 0.37962
0.24 0.38304
0.25 0.385
0.26 0.38556
0.27 0.38478
0.28 0.38272
0.29 0.37944
0.3 0.375
0.31 0.36946
0.32 0.36288
0.33 0.35532
0.34 0.34684
0.35 0.3375
0.36 0.32736
0.37 0.31648
0.38 0.30492
0.39 0.29274
0.4 0.28
0.41 0.26676
0.42 0.25308
0.43 0.23902
0.44 0.22464
0.45 0.21
0.46 0.19516
0.47 0.18018
0.48 0.16512
0.49 0.15004
0.5 0.135
0.51 0.12006
0.52 0.10528
0.53 0.09072
0.54 0.07644
0.55 0.0625
0.56 0.04896
0.57 0.03588
0.58 0.02332
0.59 0.01134
0.6 -0
0.61 -0.01064
0.62 -0.02052
0.63 -0.02958
0.64 -0.03776
0.65 -0.045
0.66 -0.05124
0.67 -0.05642
0.68 -0.06048
0.69 -0.06336
0.7 -0.065
0.71 -0.06534
0.72 -0.06432
0.73 -0.06188
0.74 -0.05796
0.75 -0.0525
0.76 -0.04544
0.77 -0.03672
0.78 -0.02628
0.79 -0.01406
0.8 0
0.81 0.01596
0.82 0.03388
0.83 0.05382
0.84 0.07584
0.85 0.1
0.86 0.12636
0.87 0.15498
0.88 0.18592
0.89 0.21924
0.9 0.255
0.91 0.29326
0.92 0.33408
0.93 0.37752
0.94 0.42364
0.95 0.4725
0.96 0.52416
0.97 0.57868
0.98 0.63612
0.99 0.69654


0 -0.188457
0.01 -0.241463
0.02 0.00112501
0.03 -0.0403939
0.04 -0.0549747
0.05 -0.0916827
0.06 -0.00932035
0.07 -0.123716
0.08 0.0194015
0.09 0.184098
0.1 0.159048
0.11 0.210843
0.12 0.185701
0.13 0.254142
0.14 0.261492
0.15 0.239318
0.16 0.232962
0.17 0.347288
0.18 0.335055
0.19 0.364386
0.2 0.349525
0.21 0.481594
0.22 0.565957
0.23 0.327108
0.24 0.494982
0.25 0.182328
0.26 0.27545
0.27 0.462699
0.28 0.420032
0.29 0.492463
0.3 0.259123
0.31 0.330813
0.32 0.292435
0.33 0.411931
0.34 0.311528
0.35 0.199706
0.36 0.334026
0.37 0.270333
0.38 0.425009
0.39 0.275111
0.4 0.262837
0.41 0.3366
0.42 0.371943
0.43 0.148301
0.44 0.490241
0.45 0.288553
0.46 0.359337
0.47 0.206529
0.48 0.173712
0.49 0.196122
0.5 0.20715
0.51 -0.0309357
0.52 0.0539475
0.53 0.00637801
0.54 0.0489099
0.55 0.0581463
0.56 -0.0306031
0.57 -0.120427
0.58 0.0910967
0.59 0.104398
0.6 0.0173602
0.61 0.059204
0.62 0.00359222
0.63 0.0366485
0.64 0.0787169
0.65 -0.0618205
0.66 -0.128207
0.67 -0.0809948
0.68 0.0628697
0.69 0.0578572
0.7 -0.00120471
0.71 -0.222756
0.72 0.0426281
0.73 -0.266322
0.74 0.0204608
0.75 -0.145876
0.76 -0.0121508
0.77 -0.0982076
0.78 -0.0543606
0.79 -0.152132
0.8 0.0961174
0.81 0.00997827
0.82 0.091949
0.83 0.233248
0.84 -0.0269716
0.85 0.129765
0.86 0.145394
0.87 0.0131204
0.88 0.246729
0.89 0.232815
0.9 0.291092
0.91 0.363758
0.92 0.423343
0.93 0.230823
0.94 0.328105
0.95 0.461974
0.96 0.384286
0.97 0.537204
0.98 0.711199
0.99 0.662132


0 -0.212964
0.01 -0.163592
0.02 -0.116813
0.03 -0.0725742
0.04 -0.0308205
0.05 0.00850234
0.06 0.0454487
0.07 0.0800728
0.08 0.112429
0.09 0.142572
0.1 0.170555
0.11 0.196434
0.12 0.220263
0.13 0.242095
0.14 0.261985
0.15 0.279988
0.16 0.296158
0.17 0.310549
0.18 0.323216
0.19 0.334212
0.2 0.343593
0.21 0.351412
0.22 0.357725
0.23 0.362584
0.24 0.366045
0.25 0.368163
0.26 0.36899
0.27 0.368582
0.28 0.366993
0.29 0.364278
0.3 0.36049
0.31 0.355684
0.32 0.349914
0.33 0.343236
0.34 0.335702
0.35 0.327367
0.36 0.318287
0.37 0.308514
0.38 0.298104
0.39 0.28711
0.4 0.275588
0.41 0.263591
0.42 0.251173
0.43 0.23839
0.44 0.225296
0.45 0.211944
0.46 0.198389
0.47 0.184686
0.48 0.170888
0.49 0.157051
0.5 0.143228
0.51 0.129474
0.52 0.115843
0.53 0.10239
0.54 0.0891683
0.55 0.0762331
0.56 0.0636384
0.57 0.0514386
0.58 0.039688
0.59 0.028441
0.6 0.0177519
0.61 0.007675
0.62 -0.00173526
0.63 -0.0104246
0.64 -0.0183386
0.65 -0.0254231
0.66 -0.0316235
0.67 -0.0368857
0.68 -0.0411553
0.69 -0.0443778
0.7 -0.046499
0.71 -0.0474646
0.72 -0.0472201
0.73 -0.0457113
0.74 -0.0428839
0.75 -0.0386833
0.76 -0.0330555
0.77 -0.0259458
0.78 -0.0173002
0.79 -0.00706413
0.8 0.00481667
0.81 0.0183965
0.82 0.0337298
0.83 0.0508709
0.84 0.0698741
0.85 0.0907937
0.86 0.113684
0.87 0.1386
0.88 0.165595
0.89 0.194723
0.9 0.22604
0.91 0.2596
0.92 0.295456
0.93 0.333664
0.94 0.374277
0.95 0.417349
0.96 0.462937
0.97 0.511092
0.98 0.561871
0.99 0.615326

