
0 0.45
0.01 0.4312
0.02 0.4128
0.03 0.3948
0.04 0.3772
0.05 0.36
0.06 0.3432
0.07 0.3268
0.08 0.3108
0.09 0.2952
0.1 0.28
0.11 0.2652
0.12 0.2508
0.13 0.2368
0.14 0.2232
0.15 0.21
0.16 0.1972
0.17 0.1848
0.18 0.1728
0.19 0.1612
0.2 0.15
0.21 0.1392
0.22 0.1288
0.23 0.1188
0.24 0.1092
0.25 0.1
0.26 0.0912
0.27 0.0828
0.28 0.0748
0.29 0.0672
0.3 0.06
0.31 0.0532
0.32 0.0468
0.33 0.0408
0.34 0.0352
0.35 0.03
0.36 0.0252
0.37 0.0208
0.38 0.0168
0.39 0.0132
0.4 0.01
0.41 0.0072
0.42 0.0048
0.43 0.0028
0.44 0.0012
0.45 -0
0.46 -0.0008
0.47 -0.0012
0.48 -0.0012
0.49 -0.0008
0.5 0
0.51 0.0012
0.52 0.0028
0.53 0.0048
0.54 0.0072
0.55 0.01
0.56 0.0132
0.57 0.0168
0.58 0.0208
0.59 0.0252
0.6 0.03
0.61 0.0352
0.62 0.0408
0.63 0.0468
0.64 0.0532
0.65 0.06
0.66 0.0672
0.67 0.0748
0.68 0.0828
0.69 0.0912
0.7 0.1
0.71 0.1092
0.72 0.1188
0.73 0.1288
0.74 0.1392
0.75 0.15
0.76 0.1612
0.77 0.1728
0.78 0.1848
0.79 0.1972
0.8 0.21
0.81 0.2232
0.82 0.2368
0.83 0.2508
0.84 0.2652
0.85 0.28
0.86 0.2952
0.87 0.3108
0.88 0.3268
0.89 0.3432
0.9 0.36
0.91 0.3772
0.92 0.3948
0.93 0.4128
0.94 0.4312
0.95 0.45
0.96 0.4692
0.97 0.4888
0.98 0.5088
0.99 0.5292


0 0.501543
0.01 0.376177
0.02 0.549645
0.03 0.442186
0.04 0.364785
0.05 0.268317
0.06 0.29392
0.07 0.125704
0.08 0.217882
0.09 0.334458
0.1 0.264048
0.11 0.273183
0.12 0.208021
0.13 0.239022
0.14 0.211452
0.15 0.156818
0.16 0.120402
0.17 0.207008
0.18 0.169335
0.19 0.175446
0.2 0.139525
0.21 0.252634
0.22 0.320077
0.23 0.0662877
0.24 0.221142
0.25 -0.102672
0.26 -0.0189098
0.27 0.160719
0.28 0.112112
0.29 0.180223
0.3 -0.055877
0.31 0.0145527
0.32 -0.0236453
0.33 0.0974113
0.34 -0.000111664
0.35 -0.107794
0.36 0.0318657
0.37 -0.0253466
0.38 0.136889
0.39 -0.00442857
0.4 -0.00716288
0.41 0.0770399
0.42 0.123663
0.43 -0.0879187
0.44 0.266801
0.45 0.0785532
0.46 0.163377
0.47 0.0251486
0.48 0.00739235
0.49 0.0452816
0.5 0.0721502
0.51 -0.149796
0.52 -0.0485325
0.53 -0.079542
0.54 -0.0203301
0.55 0.00564632
0.56 -0.0663631
0.57 -0.139507
0.58 0.0885767
0.59 0.118258
0.6 0.0473602
0.61 0.105044
0.62 0.0649122
0.63 0.113028
0.64 0.169677
0.65 0.0431795
0.66 -0.00976678
0.67 0.0502252
0.68 0.20615
0.69 0.212417
0.7 0.163795
0.71 -0.0482155
0.72 0.225748
0.73 -0.0756423
0.74 0.217621
0.75 0.0566237
0.76 0.194489
0.77 0.111312
0.78 0.156719
0.79 0.0591283
0.8 0.306117
0.81 0.217218
0.82 0.294869
0.83 0.430228
0.84 0.162388
0.85 0.309765
0.86 0.314234
0.87 0.16894
0.88 0.387609
0.89 0.356775
0.9 0.396092
0.91 0.447698
0.92 0.484063
0.93 0.266103
0.94 0.335665
0.95 0.439474
0.96 0.329326
0.97 0.447324
0.98 0.583879
0.99 0.494792


0 0.41385
0.01 0.396623
0.02 0.379768
0.03 0.363283
0.04 0.34717
0.05 0.331429
0.06 0.316059
0.07 0.301061
0.08 0.286434
0.09 0.272179
0.1 0.258295
0.11 0.244782
0.12 0.231641
0.13 0.218872
0.14 0.206474
0.15 0.194447
0.16 0.182792
0.17 0.171509
0.18 0.160597
0.19 0.150056
0.2 0.139887
0.21 0.130089
0.22 0.120663
0.23 0.111608
0.24 0.102925
0.25 0.094613
0.26 0.0866726
0.27 0.0791038
0.28 0.0719064
0.29 0.0650805
0.3 0.0586261
0.31 0.0525432
0.32 0.0468317
0.33 0.0414917
0.34 0.0365232
0.35 0.0319261
0.36 0.0277006
0.37 0.0238465
0.38 0.0203639
0.39 0.0172527
0.4 0.014513
0.41 0.0121449
0.42 0.0101481
0.43 0.00852289
0.44 0.00726912
0.45 0.00638683
0.46 0.00587601
0.47 0.00573667
0.48 0.0059688
0.49 0.00657241
0.5 0.0075475
0.51 0.00889405
0.52 0.0106121
0.53 0.0127016
0.54 0.0151626
0.55 0.017995
0.56 0.021199
0.57 0.0247744
0.58 0.0287213
0.59 0.0330396
0.6 0.0377295
0.61 0.0427908
0.62 0.0482236
0.63 0.0540278
0.64 0.0602036
0.65 0.0667508
0.66 0.0736695
0.67 0.0809596
0.68 0.0886213
0.69 0.0966544
0.7 0.105059
0.71 0.113835
0.72 0.122983
0.73 0.132502
0.74 0.142392
0.75 0.152654
0.76 0.163287
0.77 0.174292
0.78 0.185669
0.79 0.197417
0.8 0.209536
0.81 0.222027
0.82 0.234889
0.83 0.248123
0.84 0.261728
0.85 0.275705
0.86 0.290053
0.87 0.304773
0.88 0.319864
0.89 0.335326
0.9 0.35116
0.91 0.367366
0.92 0.383943
0.93 0.400892
0.94 0.418212
0.95 0.435903
0.96 0.453966
0.97 0.4724
0.98 0.491206
0.99 0.510384

